2.099299999999999855e+01 1.923295000000000073e+03 2.000000000000000000e+03 1.480000000000000000e+03 2.102779999999999916e+02
1.890800000000000125e+01 1.730489000000000033e+03 1.812000000000000000e+03 1.368000000000000000e+03 2.156119999999999948e+02
1.875000000000000000e+01 1.851506000000000085e+03 1.930000000000000000e+03 1.424000000000000000e+03 2.264490000000000123e+02
2.117000000000000171e+01 1.336670000000000073e+03 1.428000000000000000e+03 1.546000000000000000e+03 2.176459999999999866e+02
1.957600000000000051e+01 1.197192999999999984e+03 1.292000000000000000e+03 1.420000000000000000e+03 2.159979999999999905e+02
2.008599999999999852e+01 1.882272999999999911e+03 1.960000000000000000e+03 1.438000000000000000e+03 2.134859999999999900e+02
2.106700000000000017e+01 1.576653000000000020e+03 1.662000000000000000e+03 1.468000000000000000e+03 2.076949999999999932e+02
2.314699999999999847e+01 1.890477000000000089e+03 1.968000000000000000e+03 1.622000000000000000e+03 2.091100000000000136e+02
2.081500000000000128e+01 1.720232999999999947e+03 1.802000000000000000e+03 1.418000000000000000e+03 2.030579999999999927e+02
2.285800000000000054e+01 1.607420000000000073e+03 1.692000000000000000e+03 1.522000000000000000e+03 1.985190000000000055e+02
