1.340799999999999947e+01 1.533579999999999927e+03 1.620000000000000000e+03 9.840000000000000000e+02 2.180219999999999914e+02
1.295899999999999963e+01 1.789971999999999980e+03 1.870000000000000000e+03 9.460000000000000000e+02 2.169420000000000073e+02
1.608899999999999864e+01 1.915090999999999894e+03 1.992000000000000000e+03 1.098000000000000000e+03 2.031490000000000009e+02
1.492600000000000016e+01 1.759204999999999927e+03 1.840000000000000000e+03 1.056000000000000000e+03 2.104420000000000073e+02
1.594699999999999918e+01 1.929449000000000069e+03 2.006000000000000000e+03 1.092000000000000000e+03 2.038350000000000080e+02
1.464799999999999969e+01 1.865864000000000033e+03 1.944000000000000000e+03 1.068000000000000000e+03 2.169540000000000077e+02
1.365099999999999980e+01 1.488454999999999927e+03 1.576000000000000000e+03 9.540000000000000000e+02 2.075229999999999961e+02
1.326399999999999935e+01 1.408460000000000036e+03 1.498000000000000000e+03 9.820000000000000000e+02 2.198590000000000089e+02
1.606299999999999883e+01 1.962267000000000053e+03 2.038000000000000000e+03 1.100000000000000000e+03 2.038710000000000093e+02
1.274499999999999922e+01 1.906885999999999967e+03 1.984000000000000000e+03 9.660000000000000000e+02 2.253650000000000091e+02
