7.684000000000000163e+00 1.783817999999999984e+03 1.864000000000000000e+03 5.300000000000000000e+02 2.034490000000000123e+02
8.268000000000000682e+00 2.046364000000000033e+03 2.120000000000000000e+03 6.360000000000000000e+02 2.277940000000000111e+02
6.977999999999999758e+00 1.303852000000000089e+03 1.396000000000000000e+03 4.920000000000000000e+02 2.071289999999999907e+02
8.760999999999999233e+00 1.937653000000000020e+03 2.014000000000000000e+03 6.340000000000000000e+02 2.142050000000000125e+02
7.631000000000000227e+00 1.685364000000000033e+03 1.768000000000000000e+03 5.780000000000000000e+02 2.236359999999999957e+02
6.575999999999999623e+00 1.554090999999999894e+03 1.640000000000000000e+03 4.820000000000000000e+02 2.155209999999999866e+02
8.080000000000000071e+00 1.541784000000000106e+03 1.628000000000000000e+03 6.040000000000000000e+02 2.207090000000000032e+02
9.676999999999999602e+00 1.751000000000000000e+03 1.832000000000000000e+03 6.820000000000000000e+02 2.086339999999999861e+02
7.030999999999999694e+00 1.367438000000000102e+03 1.458000000000000000e+03 4.880000000000000000e+02 2.039240000000000066e+02
9.231999999999999318e+00 1.826892000000000053e+03 1.906000000000000000e+03 6.340000000000000000e+02 2.031680000000000064e+02
