3.285000000000000142e+00 9.442329999999999472e+02 1.170000000000000000e+03 8.540000000000000000e+02 7.569299999999999500e+02
3.430000000000000160e+00 1.854938000000000102e+03 2.058000000000000000e+03 8.460000000000000000e+02 7.201200000000000045e+02
4.498999999999999666e+00 2.179016999999999825e+03 2.374000000000000000e+03 1.142000000000000000e+03 7.470919999999999845e+02
2.955000000000000071e+00 1.235493999999999915e+03 1.454000000000000000e+03 7.700000000000000000e+02 7.569650000000000318e+02
3.991000000000000103e+00 1.932881000000000085e+03 2.134000000000000000e+03 1.010000000000000000e+03 7.424629999999999654e+02
3.101999999999999869e+00 1.374971999999999980e+03 1.590000000000000000e+03 7.920000000000000000e+02 7.429379999999999882e+02
3.330000000000000071e+00 1.415993999999999915e+03 1.630000000000000000e+03 8.460000000000000000e+02 7.407690000000000055e+02
3.391000000000000014e+00 9.011589999999999918e+02 1.128000000000000000e+03 9.140000000000000000e+02 7.862960000000000491e+02
3.616000000000000103e+00 2.010824000000000069e+03 2.210000000000000000e+03 9.560000000000000000e+02 7.748609999999999900e+02
3.515000000000000124e+00 1.688795000000000073e+03 1.896000000000000000e+03 9.140000000000000000e+02 7.604539999999999509e+02
