4.198000000000000398e+00 4.521414999999999964e+03 4.658000000000000000e+03 1.056000000000000000e+03 7.437169999999999845e+02
4.743000000000000327e+00 4.615766999999999825e+03 4.750000000000000000e+03 1.134000000000000000e+03 7.078940000000000055e+02
4.895999999999999908e+00 4.623971999999999753e+03 4.758000000000000000e+03 1.214000000000000000e+03 7.347200000000000273e+02
4.469000000000000306e+00 4.689608000000000175e+03 4.822000000000000000e+03 1.140000000000000000e+03 7.554149999999999636e+02
4.099000000000000199e+00 4.855750000000000000e+03 4.984000000000000000e+03 1.012000000000000000e+03 7.303250000000000455e+02
4.107999999999999652e+00 4.790113999999999578e+03 4.920000000000000000e+03 1.028000000000000000e+03 7.401770000000000209e+02
3.732000000000000206e+00 4.669096999999999753e+03 4.802000000000000000e+03 9.240000000000000000e+02 7.308569999999999709e+02
4.267999999999999794e+00 5.243414999999999964e+03 5.362000000000000000e+03 1.094000000000000000e+03 7.596849999999999454e+02
4.501000000000000334e+00 5.307000000000000000e+03 5.424000000000000000e+03 1.138000000000000000e+03 7.499059999999999491e+02
3.954000000000000181e+00 4.845493999999999687e+03 4.974000000000000000e+03 9.960000000000000000e+02 7.449420000000000073e+02
