5.400000000000000355e+00 1.491175999999999931e+03 1.454000000000000000e+03 5.180000000000000000e+02 2.900659999999999741e+02
4.693999999999999950e+00 1.242989000000000033e+03 1.212000000000000000e+03 4.760000000000000000e+02 3.064089999999999918e+02
6.570000000000000284e+00 2.141385999999999967e+03 2.088000000000000000e+03 5.960000000000000000e+02 2.748410000000000082e+02
6.644000000000000128e+00 2.034727000000000089e+03 1.984000000000000000e+03 6.180000000000000000e+02 2.816100000000000136e+02
5.177999999999999936e+00 1.589631000000000085e+03 1.550000000000000000e+03 5.180000000000000000e+02 3.026920000000000073e+02
6.597000000000000419e+00 1.981397999999999911e+03 1.932000000000000000e+03 6.220000000000000000e+02 2.853530000000000086e+02
4.855999999999999872e+00 1.472715999999999894e+03 1.436000000000000000e+03 4.620000000000000000e+02 2.879110000000000014e+02
5.732999999999999652e+00 1.277857999999999947e+03 1.246000000000000000e+03 5.460000000000000000e+02 2.875749999999999886e+02
8.253000000000000114e+00 1.981397999999999911e+03 1.932000000000000000e+03 7.940000000000000000e+02 2.906329999999999814e+02
6.142999999999999794e+00 2.180358000000000175e+03 2.126000000000000000e+03 5.420000000000000000e+02 2.676600000000000250e+02
