9.503000000000000114e+00 1.298368999999999915e+03 1.266000000000000000e+03 9.020000000000000000e+02 2.858919999999999959e+02
1.066999999999999993e+01 1.848074000000000069e+03 1.802000000000000000e+03 1.090000000000000000e+03 3.079159999999999968e+02
9.907999999999999474e+00 1.669625000000000000e+03 1.628000000000000000e+03 9.460000000000000000e+02 2.878389999999999986e+02
9.695999999999999730e+00 1.446050999999999931e+03 1.410000000000000000e+03 9.680000000000000000e+02 3.007450000000000045e+02
1.010200000000000031e+01 1.688085000000000036e+03 1.646000000000000000e+03 1.048000000000000000e+03 3.126109999999999900e+02
1.108600000000000030e+01 2.106516999999999825e+03 2.054000000000000000e+03 1.052000000000000000e+03 2.862719999999999914e+02
9.667999999999999261e+00 1.370159000000000106e+03 1.336000000000000000e+03 9.780000000000000000e+02 3.046589999999999918e+02
1.034299999999999997e+01 9.394199999999999591e+02 9.160000000000000000e+02 9.800000000000000000e+02 2.850079999999999814e+02
1.167900000000000027e+01 1.852175999999999931e+03 1.806000000000000000e+03 1.100000000000000000e+03 2.838670000000000186e+02
1.246199999999999974e+01 1.876789999999999964e+03 1.830000000000000000e+03 1.168000000000000000e+03 2.824209999999999923e+02
