8.624600000000000000e+04 3.217379999999999995e+02 8.318775599999999395e+04 8.326400000000000000e+04 8.291800000000000000e+04
1.963380000000000000e+05 4.190110000000000241e+02 1.887549489999999932e+05 1.889440000000000000e+05 1.840820000000000000e+05
1.979010000000000000e+05 3.748020000000000209e+02 1.826015739999999932e+05 1.829830000000000000e+05 1.695790000000000000e+05
1.716150000000000000e+05 3.064030000000000200e+02 1.485151020000000135e+05 1.490910000000000000e+05 1.321490000000000000e+05
1.423080000000000000e+05 2.306980000000000075e+02 1.137110570000000007e+05 1.144240000000000000e+05 9.746200000000000000e+04
1.235370000000000000e+05 1.763050000000000068e+02 8.666987500000000000e+04 8.758900000000000000e+04 7.597900000000000000e+04
1.148050000000000000e+05 1.674010000000000105e+02 7.209418799999999464e+04 7.315900000000000000e+04 6.294500000000000000e+04
1.105630000000000000e+05 1.396049999999999898e+02 5.984865299999999843e+04 6.111300000000000000e+04 5.343900000000000000e+04
1.087920000000000000e+05 1.305720000000000027e+02 5.442252799999999843e+04 5.577800000000000000e+04 4.744000000000000000e+04
1.075070000000000000e+05 1.093310000000000031e+02 4.591342599999999948e+04 4.744900000000000000e+04 4.179500000000000000e+04
1.060050000000000000e+05 1.022489999999999952e+02 4.218799399999999878e+04 4.377900000000000000e+04 3.805100000000000000e+04
1.051430000000000000e+05 9.624099999999999966e+01 3.897129000000000087e+04 4.062100000000000000e+04 3.486500000000000000e+04
1.043090000000000000e+05 9.133899999999999864e+01 3.661124399999999878e+04 3.829900000000000000e+04 3.240300000000000000e+04
1.033710000000000000e+05 8.155800000000000693e+01 3.351544900000000052e+04 3.525700000000000000e+04 2.974100000000000000e+04
1.025880000000000000e+05 8.084499999999999886e+01 3.248220999999999913e+04 3.423000000000000000e+04 2.818800000000000000e+04
1.017350000000000000e+05 7.049899999999999523e+01 2.918630700000000070e+04 3.099500000000000000e+04 2.699900000000000000e+04
1.008420000000000000e+05 7.128000000000000114e+01 2.783180099999999948e+04 2.965200000000000000e+04 2.519400000000000000e+04
9.963000000000000000e+04 6.848699999999999477e+01 2.548962500000000000e+04 2.733800000000000000e+04 2.392400000000000000e+04
9.967400000000000000e+04 6.775600000000000023e+01 2.503725000000000000e+04 2.689800000000000000e+04 2.375600000000000000e+04
9.861600000000000000e+04 6.211899999999999977e+01 2.498225600000000122e+04 2.681800000000000000e+04 2.160600000000000000e+04
9.769400000000000000e+04 6.186500000000000199e+01 2.270650600000000122e+04 2.457600000000000000e+04 2.116800000000000000e+04
9.667200000000000000e+04 6.022999999999999687e+01 2.244958000000000175e+04 2.430000000000000000e+04 2.002400000000000000e+04
9.600700000000000000e+04 5.933899999999999864e+01 2.081439199999999983e+04 2.268900000000000000e+04 1.915700000000000000e+04
9.601600000000000000e+04 5.657000000000000028e+01 2.031881200000000172e+04 2.220600000000000000e+04 1.905800000000000000e+04
9.516100000000000000e+04 5.840999999999999659e+01 1.941458499999999913e+04 2.130300000000000000e+04 1.784700000000000000e+04
9.446200000000000000e+04 5.183599999999999852e+01 2.006113100000000122e+04 2.191600000000000000e+04 1.732200000000000000e+04
9.376800000000000000e+04 5.073299999999999699e+01 2.021630099999999948e+04 2.205000000000000000e+04 1.710000000000000000e+04
9.335200000000000000e+04 5.276800000000000068e+01 1.712151699999999983e+04 1.902200000000000000e+04 1.681000000000000000e+04
9.201000000000000000e+04 4.634700000000000131e+01 1.779578399999999965e+04 1.964600000000000000e+04 1.532000000000000000e+04
9.208300000000000000e+04 5.027100000000000080e+01 1.846976699999999983e+04 2.030500000000000000e+04 1.534500000000000000e+04
