9.654244834543050935e-01
9.623404537073821929e-01
9.246188750941126688e-01
8.687527314045975224e-01
8.040588020350226683e-01
7.090102560366530193e-01
6.372457645572927598e-01
5.527436845961126721e-01
5.127031399367600883e-01
4.413573069660580162e-01
4.129899533040894410e-01
3.863405076895276014e-01
3.671687006873807779e-01
3.410724477851621583e-01
3.336647561118259442e-01
3.046640782424927529e-01
2.940441482715535071e-01
2.743952624711432087e-01
2.698597427614021771e-01
2.719437008193396621e-01
2.515609965811616000e-01
2.513654419066534418e-01
2.363265178580728487e-01
2.312739543409431664e-01
2.238627168693057001e-01
2.320086383942749353e-01
2.351548502687484110e-01
2.037663895792270197e-01
2.135202695359200153e-01
2.205075855478209890e-01
