4.072000000000000064e+00 4.006820000000000164e+02 6.400000000000000000e+02 1.060000000000000000e+03 7.613640000000000327e+02
5.477000000000000313e+00 2.796650000000000205e+02 5.220000000000000000e+02 1.330000000000000000e+03 7.138060000000000400e+02
4.147000000000000242e+00 2.386419999999999959e+02 4.820000000000000000e+02 1.058000000000000000e+03 7.458790000000000191e+02
4.884000000000000341e+00 -1.961990000000000123e+02 5.800000000000000000e+01 1.240000000000000000e+03 7.442960000000000491e+02
4.517999999999999794e+00 -4.484889999999999759e+02 -1.880000000000000000e+02 1.124000000000000000e+03 7.270660000000000309e+02
4.796000000000000263e+00 4.027330000000000041e+02 6.420000000000000000e+02 1.234000000000000000e+03 7.553260000000000218e+02
4.820000000000000284e+00 8.890900000000000603e+01 3.360000000000000000e+02 1.172000000000000000e+03 7.124400000000000546e+02
4.695999999999999730e+00 -3.766990000000000123e+02 -1.180000000000000000e+02 1.224000000000000000e+03 7.635760000000000218e+02
4.474999999999999645e+00 -6.902800000000000580e+01 1.820000000000000000e+02 1.142000000000000000e+03 7.469130000000000109e+02
4.692999999999999616e+00 4.993800000000000239e+01 2.980000000000000000e+02 1.208000000000000000e+03 7.545170000000000528e+02
