1.406600000000000072e+01 1.642960000000000036e+03 1.602000000000000000e+03 1.390000000000000000e+03 2.974320000000000164e+02
1.548000000000000043e+01 1.749618999999999915e+03 1.706000000000000000e+03 1.592000000000000000e+03 3.094730000000000132e+02
1.498700000000000010e+01 1.967039999999999964e+03 1.918000000000000000e+03 1.400000000000000000e+03 2.813330000000000268e+02
1.293500000000000050e+01 9.619829999999999472e+02 9.380000000000000000e+02 1.332000000000000000e+03 3.095529999999999973e+02
1.403200000000000003e+01 1.632704999999999927e+03 1.592000000000000000e+03 1.434000000000000000e+03 3.075559999999999832e+02
1.516799999999999926e+01 2.003960000000000036e+03 1.954000000000000000e+03 1.448000000000000000e+03 2.874879999999999995e+02
1.571899999999999942e+01 1.441949000000000069e+03 1.406000000000000000e+03 1.590000000000000000e+03 3.042119999999999891e+02
1.553700000000000081e+01 1.312727000000000089e+03 1.280000000000000000e+03 1.540000000000000000e+03 2.980579999999999927e+02
1.521599999999999930e+01 9.927500000000000000e+02 9.680000000000000000e+02 1.514000000000000000e+03 2.990389999999999873e+02
1.640099999999999980e+01 1.679881000000000085e+03 1.638000000000000000e+03 1.504000000000000000e+03 2.759519999999999982e+02
