1.000000000000000000e+04 3.982999999999999829e+01 4.377125000000000000e+03 4.268000000000000000e+03 4.116000000000000000e+03 3.109320000000000164e+02
1.000000000000000000e+04 2.956700000000000017e+01 4.688898000000000138e+03 4.572000000000000000e+03 4.060000000000000000e+03 4.132649999999999864e+02
1.000000000000000000e+04 2.394399999999999906e+01 5.355516999999999825e+03 5.222000000000000000e+03 4.140000000000000000e+03 5.205650000000000546e+02
1.000000000000000000e+04 2.054299999999999926e+01 4.846835000000000036e+03 4.726000000000000000e+03 4.092000000000000000e+03 5.995339999999999918e+02
1.000000000000000000e+04 1.707100000000000151e+01 4.779148000000000138e+03 4.660000000000000000e+03 3.990000000000000000e+03 7.035019999999999527e+02
1.000000000000000000e+04 1.615200000000000102e+01 4.491988999999999578e+03 4.380000000000000000e+03 4.158000000000000000e+03 7.745879999999999654e+02
1.000000000000000000e+04 1.471599999999999930e+01 4.610954999999999927e+03 4.496000000000000000e+03 4.114000000000000000e+03 8.412830000000000155e+02
1.000000000000000000e+04 1.415300000000000047e+01 4.405841000000000349e+03 4.296000000000000000e+03 4.120000000000000000e+03 8.758930000000000291e+02
1.000000000000000000e+04 1.381499999999999950e+01 4.407891999999999825e+03 4.298000000000000000e+03 4.294000000000000000e+03 9.351470000000000482e+02
1.000000000000000000e+04 1.291099999999999959e+01 3.854085000000000036e+03 3.758000000000000000e+03 4.184000000000000000e+03 9.747000000000000455e+02
1.000000000000000000e+04 1.239000000000000057e+01 3.874597000000000207e+03 3.778000000000000000e+03 4.160000000000000000e+03 1.009842999999999961e+03
