9.765000000000000568e+00 1.738692999999999984e+03 1.820000000000000000e+03 7.060000000000000000e+02 2.141160000000000139e+02
8.675000000000000711e+00 1.740743999999999915e+03 1.822000000000000000e+03 6.460000000000000000e+02 2.202659999999999911e+02
1.061200000000000010e+01 1.387949000000000069e+03 1.478000000000000000e+03 7.760000000000000000e+02 2.165449999999999875e+02
1.111999999999999922e+01 1.552039999999999964e+03 1.638000000000000000e+03 8.220000000000000000e+02 2.191850000000000023e+02
8.237000000000000099e+00 1.814585000000000036e+03 1.894000000000000000e+03 6.160000000000000000e+02 2.211479999999999961e+02
9.137000000000000455e+00 1.558192999999999984e+03 1.644000000000000000e+03 6.500000000000000000e+02 2.102810000000000059e+02
9.624000000000000554e+00 2.038159000000000106e+03 2.112000000000000000e+03 6.400000000000000000e+02 1.969519999999999982e+02
1.043800000000000061e+01 1.913039999999999964e+03 1.990000000000000000e+03 8.140000000000000000e+02 2.315020000000000095e+02
1.123600000000000065e+01 2.126358000000000175e+03 2.198000000000000000e+03 7.920000000000000000e+02 2.093439999999999941e+02
8.949999999999999289e+00 1.554090999999999894e+03 1.640000000000000000e+03 6.360000000000000000e+02 2.099879999999999995e+02
