3.810000000000000053e+00 4.835238999999999578e+03 4.964000000000000000e+03 9.440000000000000000e+02 7.321109999999999900e+02
4.073999999999999844e+00 5.056761000000000422e+03 5.180000000000000000e+03 1.006000000000000000e+03 7.307709999999999582e+02
3.595000000000000195e+00 4.546028000000000247e+03 4.682000000000000000e+03 8.900000000000000000e+02 7.301440000000000055e+02
4.142999999999999794e+00 5.204443000000000211e+03 5.324000000000000000e+03 1.010000000000000000e+03 7.218189999999999600e+02
4.520999999999999908e+00 5.257773000000000138e+03 5.376000000000000000e+03 1.114000000000000000e+03 7.305489999999999782e+02
3.682999999999999829e+00 4.291688000000000102e+03 4.434000000000000000e+03 9.700000000000000000e+02 7.771480000000000246e+02
4.318999999999999950e+00 4.580898000000000138e+03 4.716000000000000000e+03 1.062000000000000000e+03 7.271789999999999736e+02
4.665000000000000036e+00 4.878311999999999898e+03 5.006000000000000000e+03 1.178000000000000000e+03 7.484410000000000309e+02
3.573999999999999844e+00 4.201438000000000102e+03 4.346000000000000000e+03 9.040000000000000000e+02 7.453379999999999654e+02
3.603000000000000203e+00 4.445523000000000138e+03 4.584000000000000000e+03 9.120000000000000000e+02 7.465399999999999636e+02
