6.620000000000000107e+00 1.903454999999999927e+03 1.856000000000000000e+03 6.620000000000000000e+02 3.024110000000000014e+02
6.272999999999999687e+00 2.127027999999999793e+03 2.074000000000000000e+03 6.520000000000000000e+02 3.146070000000000277e+02
6.753999999999999559e+00 2.081902999999999793e+03 2.030000000000000000e+03 6.580000000000000000e+02 2.948269999999999982e+02
6.163000000000000256e+00 2.051135999999999967e+03 2.000000000000000000e+03 6.140000000000000000e+02 3.016250000000000000e+02
5.282000000000000028e+00 1.599885999999999967e+03 1.560000000000000000e+03 5.320000000000000000e+02 3.046870000000000118e+02
7.961999999999999744e+00 1.396824000000000069e+03 1.362000000000000000e+03 7.720000000000000000e+02 2.923489999999999895e+02
6.943999999999999950e+00 1.743465999999999894e+03 1.700000000000000000e+03 7.020000000000000000e+02 3.053750000000000000e+02
8.051000000000000156e+00 1.962938000000000102e+03 1.914000000000000000e+03 7.800000000000000000e+02 2.926879999999999882e+02
7.740999999999999659e+00 2.067545000000000073e+03 2.016000000000000000e+03 7.480000000000000000e+02 2.921139999999999759e+02
7.315000000000000391e+00 2.477773000000000138e+03 2.416000000000000000e+03 6.880000000000000000e+02 2.849700000000000273e+02
